(
(0.000000000000000000e+00 0.000000000000000000e+00 0.000000000000000000e+00)
(0.000000000000000000e+00 0.000000000000000000e+00 1.129470000000000040e-03)
(0.000000000000000000e+00 0.000000000000000000e+00 4.517700000000000361e-03)
(0.000000000000000000e+00 0.000000000000000000e+00 1.016429999999999938e-02)
(0.000000000000000000e+00 0.000000000000000000e+00 1.806750000000000023e-02)
(0.000000000000000000e+00 0.000000000000000000e+00 2.822850000000000012e-02)
(0.000000000000000000e+00 0.000000000000000000e+00 4.064249999999999807e-02)
(0.000000000000000000e+00 0.000000000000000000e+00 5.531099999999999905e-02)
(0.000000000000000000e+00 0.000000000000000000e+00 7.222950000000000204e-02)
(0.000000000000000000e+00 0.000000000000000000e+00 9.139500000000000401e-02)
(0.000000000000000000e+00 0.000000000000000000e+00 1.128075000000000050e-01)
(0.000000000000000000e+00 0.000000000000000000e+00 1.364609999999999990e-01)
(0.000000000000000000e+00 0.000000000000000000e+00 1.623449999999999893e-01)
(0.000000000000000000e+00 0.000000000000000000e+00 1.904850000000000154e-01)
(0.000000000000000000e+00 0.000000000000000000e+00 2.208299999999999985e-01)
(0.000000000000000000e+00 0.000000000000000000e+00 2.534250000000000114e-01)
(0.000000000000000000e+00 0.000000000000000000e+00 2.882250000000000090e-01)
(0.000000000000000000e+00 0.000000000000000000e+00 3.252450000000000063e-01)
(0.000000000000000000e+00 0.000000000000000000e+00 3.644700000000000162e-01)
(0.000000000000000000e+00 0.000000000000000000e+00 4.059000000000000385e-01)
(0.000000000000000000e+00 0.000000000000000000e+00 4.495349999999999624e-01)
(0.000000000000000000e+00 0.000000000000000000e+00 4.953599999999999670e-01)
(0.000000000000000000e+00 0.000000000000000000e+00 5.433599999999999541e-01)
(0.000000000000000000e+00 0.000000000000000000e+00 5.935350000000000348e-01)
(0.000000000000000000e+00 0.000000000000000000e+00 6.459000000000000297e-01)
(0.000000000000000000e+00 0.000000000000000000e+00 7.004099999999999770e-01)
(0.000000000000000000e+00 0.000000000000000000e+00 7.570800000000000862e-01)
(0.000000000000000000e+00 0.000000000000000000e+00 8.158949999999999259e-01)
(0.000000000000000000e+00 0.000000000000000000e+00 8.768400000000000638e-01)
(0.000000000000000000e+00 0.000000000000000000e+00 9.399149999999999450e-01)
(0.000000000000000000e+00 0.000000000000000000e+00 1.005104999999999915e+00)
(0.000000000000000000e+00 0.000000000000000000e+00 1.072410000000000085e+00)
(0.000000000000000000e+00 0.000000000000000000e+00 1.141799999999999926e+00)
(0.000000000000000000e+00 0.000000000000000000e+00 1.213289999999999980e+00)
(0.000000000000000000e+00 0.000000000000000000e+00 1.286850000000000049e+00)
(0.000000000000000000e+00 0.000000000000000000e+00 1.362479999999999913e+00)
(0.000000000000000000e+00 0.000000000000000000e+00 1.440164999999999917e+00)
(0.000000000000000000e+00 0.000000000000000000e+00 1.519950000000000134e+00)
(0.000000000000000000e+00 0.000000000000000000e+00 1.601699999999999902e+00)
(0.000000000000000000e+00 0.000000000000000000e+00 1.685400000000000009e+00)
(0.000000000000000000e+00 0.000000000000000000e+00 1.771200000000000108e+00)
(0.000000000000000000e+00 0.000000000000000000e+00 1.858949999999999880e+00)
(0.000000000000000000e+00 0.000000000000000000e+00 1.948649999999999993e+00)
(0.000000000000000000e+00 0.000000000000000000e+00 2.040450000000000319e+00)
(0.000000000000000000e+00 0.000000000000000000e+00 2.134050000000000225e+00)
(0.000000000000000000e+00 0.000000000000000000e+00 2.229600000000000026e+00)
(0.000000000000000000e+00 0.000000000000000000e+00 2.327250000000000263e+00)
(0.000000000000000000e+00 0.000000000000000000e+00 2.426700000000000301e+00)
(0.000000000000000000e+00 0.000000000000000000e+00 2.527950000000000141e+00)
(0.000000000000000000e+00 0.000000000000000000e+00 2.631150000000000322e+00)
(0.000000000000000000e+00 0.000000000000000000e+00 2.736299999999999955e+00)
(0.000000000000000000e+00 0.000000000000000000e+00 2.843099999999999739e+00)
(0.000000000000000000e+00 0.000000000000000000e+00 2.951849999999999863e+00)
(0.000000000000000000e+00 0.000000000000000000e+00 3.062400000000000233e+00)
(0.000000000000000000e+00 0.000000000000000000e+00 3.174749999999999961e+00)
(0.000000000000000000e+00 0.000000000000000000e+00 3.288899999999999935e+00)
(0.000000000000000000e+00 0.000000000000000000e+00 3.404850000000000154e+00)
(0.000000000000000000e+00 0.000000000000000000e+00 3.522450000000000081e+00)
(0.000000000000000000e+00 0.000000000000000000e+00 3.641850000000000254e+00)
(0.000000000000000000e+00 0.000000000000000000e+00 3.762900000000000578e+00)
(0.000000000000000000e+00 0.000000000000000000e+00 3.885749999999999815e+00)
(0.000000000000000000e+00 0.000000000000000000e+00 4.010249999999999204e+00)
(0.000000000000000000e+00 0.000000000000000000e+00 4.136249999999999538e+00)
(0.000000000000000000e+00 0.000000000000000000e+00 4.264050000000000118e+00)
(0.000000000000000000e+00 0.000000000000000000e+00 4.393349999999999866e+00)
(0.000000000000000000e+00 0.000000000000000000e+00 4.524300000000000210e+00)
(0.000000000000000000e+00 0.000000000000000000e+00 4.656900000000000261e+00)
(0.000000000000000000e+00 0.000000000000000000e+00 4.791000000000000369e+00)
(0.000000000000000000e+00 0.000000000000000000e+00 4.926600000000000534e+00)
(0.000000000000000000e+00 0.000000000000000000e+00 5.063699999999999868e+00)
(0.000000000000000000e+00 0.000000000000000000e+00 5.202450000000000685e+00)
(0.000000000000000000e+00 0.000000000000000000e+00 5.342550000000000132e+00)
(0.000000000000000000e+00 0.000000000000000000e+00 5.484149999999999636e+00)
(0.000000000000000000e+00 0.000000000000000000e+00 5.627099999999999547e+00)
(0.000000000000000000e+00 0.000000000000000000e+00 5.771550000000000402e+00)
(0.000000000000000000e+00 0.000000000000000000e+00 5.917349999999999888e+00)
(0.000000000000000000e+00 0.000000000000000000e+00 6.064499999999999780e+00)
(0.000000000000000000e+00 0.000000000000000000e+00 6.213000000000000078e+00)
(0.000000000000000000e+00 0.000000000000000000e+00 6.362849999999999895e+00)
(0.000000000000000000e+00 0.000000000000000000e+00 6.514050000000000118e+00)
(0.000000000000000000e+00 0.000000000000000000e+00 6.666450000000000209e+00)
(0.000000000000000000e+00 0.000000000000000000e+00 6.820050000000000168e+00)
(0.000000000000000000e+00 0.000000000000000000e+00 6.975000000000000533e+00)
(0.000000000000000000e+00 0.000000000000000000e+00 7.131149999999999878e+00)
(0.000000000000000000e+00 0.000000000000000000e+00 7.288499999999999979e+00)
(0.000000000000000000e+00 0.000000000000000000e+00 7.446900000000000297e+00)
(0.000000000000000000e+00 0.000000000000000000e+00 7.606499999999999595e+00)
(0.000000000000000000e+00 0.000000000000000000e+00 7.767299999999998761e+00)
(0.000000000000000000e+00 0.000000000000000000e+00 7.928999999999999382e+00)
(0.000000000000000000e+00 0.000000000000000000e+00 8.091900000000000759e+00)
(0.000000000000000000e+00 0.000000000000000000e+00 8.255850000000000577e+00)
(0.000000000000000000e+00 0.000000000000000000e+00 8.420700000000000074e+00)
(0.000000000000000000e+00 0.000000000000000000e+00 8.586599999999998900e+00)
(0.000000000000000000e+00 0.000000000000000000e+00 8.753550000000000608e+00)
(0.000000000000000000e+00 0.000000000000000000e+00 8.921399999999998442e+00)
(0.000000000000000000e+00 0.000000000000000000e+00 9.090150000000001285e+00)
(0.000000000000000000e+00 0.000000000000000000e+00 9.259800000000000253e+00)
(0.000000000000000000e+00 0.000000000000000000e+00 9.430200000000001026e+00)
(0.000000000000000000e+00 0.000000000000000000e+00 9.601499999999999702e+00)
(0.000000000000000000e+00 0.000000000000000000e+00 9.773700000000001609e+00)
(0.000000000000000000e+00 0.000000000000000000e+00 9.946649999999999991e+00)
(0.000000000000000000e+00 0.000000000000000000e+00 1.012035000000000018e+01)
(0.000000000000000000e+00 0.000000000000000000e+00 1.029480000000000040e+01)
(0.000000000000000000e+00 0.000000000000000000e+00 1.046984999999999921e+01)
(0.000000000000000000e+00 0.000000000000000000e+00 1.064579999999999949e+01)
(0.000000000000000000e+00 0.000000000000000000e+00 1.082220000000000049e+01)
(0.000000000000000000e+00 0.000000000000000000e+00 1.099934999999999974e+01)
(0.000000000000000000e+00 0.000000000000000000e+00 1.117694999999999972e+01)
(0.000000000000000000e+00 0.000000000000000000e+00 1.135529999999999973e+01)
(0.000000000000000000e+00 0.000000000000000000e+00 1.153409999999999869e+01)
(0.000000000000000000e+00 0.000000000000000000e+00 1.171349999999999980e+01)
(0.000000000000000000e+00 0.000000000000000000e+00 1.189334999999999987e+01)
(0.000000000000000000e+00 0.000000000000000000e+00 1.207365000000000066e+01)
(0.000000000000000000e+00 0.000000000000000000e+00 1.225440000000000040e+01)
(0.000000000000000000e+00 0.000000000000000000e+00 1.243560000000000088e+01)
(0.000000000000000000e+00 0.000000000000000000e+00 1.261710000000000065e+01)
(0.000000000000000000e+00 0.000000000000000000e+00 1.279904999999999937e+01)
(0.000000000000000000e+00 0.000000000000000000e+00 1.298129999999999917e+01)
(0.000000000000000000e+00 0.000000000000000000e+00 1.316385000000000005e+01)
(0.000000000000000000e+00 0.000000000000000000e+00 1.334670000000000023e+01)
(0.000000000000000000e+00 0.000000000000000000e+00 1.352970000000000006e+01)
(0.000000000000000000e+00 0.000000000000000000e+00 1.371300000000000097e+01)
(0.000000000000000000e+00 0.000000000000000000e+00 1.389660000000000117e+01)
(0.000000000000000000e+00 0.000000000000000000e+00 1.408019999999999960e+01)
(0.000000000000000000e+00 0.000000000000000000e+00 1.426395000000000124e+01)
(0.000000000000000000e+00 0.000000000000000000e+00 1.444784999999999897e+01)
(0.000000000000000000e+00 0.000000000000000000e+00 1.463189999999999991e+01)
(0.000000000000000000e+00 0.000000000000000000e+00 1.481595000000000084e+01)
(0.000000000000000000e+00 0.000000000000000000e+00 1.500000000000000000e+01)
(0.000000000000000000e+00 0.000000000000000000e+00 1.518404999999999916e+01)
(0.000000000000000000e+00 0.000000000000000000e+00 1.536810000000000009e+01)
(0.000000000000000000e+00 0.000000000000000000e+00 1.555215000000000103e+01)
(0.000000000000000000e+00 0.000000000000000000e+00 1.573604999999999876e+01)
(0.000000000000000000e+00 0.000000000000000000e+00 1.591980000000000040e+01)
(0.000000000000000000e+00 0.000000000000000000e+00 1.610340000000000060e+01)
(0.000000000000000000e+00 0.000000000000000000e+00 1.628700000000000259e+01)
(0.000000000000000000e+00 0.000000000000000000e+00 1.647030000000000172e+01)
(0.000000000000000000e+00 0.000000000000000000e+00 1.665330000000000155e+01)
(0.000000000000000000e+00 0.000000000000000000e+00 1.683614999999999995e+01)
(0.000000000000000000e+00 0.000000000000000000e+00 1.701869999999999905e+01)
(0.000000000000000000e+00 0.000000000000000000e+00 1.720094999999999885e+01)
(0.000000000000000000e+00 0.000000000000000000e+00 1.738289999999999935e+01)
(0.000000000000000000e+00 0.000000000000000000e+00 1.756439999999999912e+01)
(0.000000000000000000e+00 0.000000000000000000e+00 1.774560000000000315e+01)
(0.000000000000000000e+00 0.000000000000000000e+00 1.792634999999999934e+01)
(0.000000000000000000e+00 0.000000000000000000e+00 1.810664999999999836e+01)
(0.000000000000000000e+00 0.000000000000000000e+00 1.828650000000000020e+01)
(0.000000000000000000e+00 0.000000000000000000e+00 1.846590000000000131e+01)
(0.000000000000000000e+00 0.000000000000000000e+00 1.864470000000000027e+01)
(0.000000000000000000e+00 0.000000000000000000e+00 1.882304999999999851e+01)
(0.000000000000000000e+00 0.000000000000000000e+00 1.900065000000000026e+01)
(0.000000000000000000e+00 0.000000000000000000e+00 1.917780000000000129e+01)
(0.000000000000000000e+00 0.000000000000000000e+00 1.935420000000000229e+01)
(0.000000000000000000e+00 0.000000000000000000e+00 1.953014999999999901e+01)
(0.000000000000000000e+00 0.000000000000000000e+00 1.970519999999999783e+01)
(0.000000000000000000e+00 0.000000000000000000e+00 1.987964999999999804e+01)
(0.000000000000000000e+00 0.000000000000000000e+00 2.005334999999999823e+01)
(0.000000000000000000e+00 0.000000000000000000e+00 2.022629999999999839e+01)
(0.000000000000000000e+00 0.000000000000000000e+00 2.039850000000000207e+01)
(0.000000000000000000e+00 0.000000000000000000e+00 2.056980000000000075e+01)
(0.000000000000000000e+00 0.000000000000000000e+00 2.074019999999999797e+01)
(0.000000000000000000e+00 0.000000000000000000e+00 2.090985000000000227e+01)
(0.000000000000000000e+00 0.000000000000000000e+00 2.107860000000000156e+01)
(0.000000000000000000e+00 0.000000000000000000e+00 2.124645000000000294e+01)
(0.000000000000000000e+00 0.000000000000000000e+00 2.141339999999999932e+01)
(0.000000000000000000e+00 0.000000000000000000e+00 2.157929999999999993e+01)
(0.000000000000000000e+00 0.000000000000000000e+00 2.174415000000000120e+01)
(0.000000000000000000e+00 0.000000000000000000e+00 2.190809999999999746e+01)
(0.000000000000000000e+00 0.000000000000000000e+00 2.207100000000000151e+01)
(0.000000000000000000e+00 0.000000000000000000e+00 2.223270000000000124e+01)
(0.000000000000000000e+00 0.000000000000000000e+00 2.239349999999999952e+01)
(0.000000000000000000e+00 0.000000000000000000e+00 2.255310000000000059e+01)
(0.000000000000000000e+00 0.000000000000000000e+00 2.271150000000000091e+01)
(0.000000000000000000e+00 0.000000000000000000e+00 2.286884999999999835e+01)
(0.000000000000000000e+00 0.000000000000000000e+00 2.302499999999999858e+01)
(0.000000000000000000e+00 0.000000000000000000e+00 2.317995000000000161e+01)
(0.000000000000000000e+00 0.000000000000000000e+00 2.333354999999999890e+01)
(0.000000000000000000e+00 0.000000000000000000e+00 2.348595000000000255e+01)
(0.000000000000000000e+00 0.000000000000000000e+00 2.363714999999999833e+01)
(0.000000000000000000e+00 0.000000000000000000e+00 2.378700000000000259e+01)
(0.000000000000000000e+00 0.000000000000000000e+00 2.393549999999999756e+01)
(0.000000000000000000e+00 0.000000000000000000e+00 2.408265000000000100e+01)
(0.000000000000000000e+00 0.000000000000000000e+00 2.422844999999999871e+01)
(0.000000000000000000e+00 0.000000000000000000e+00 2.437290000000000134e+01)
(0.000000000000000000e+00 0.000000000000000000e+00 2.451585000000000036e+01)
(0.000000000000000000e+00 0.000000000000000000e+00 2.465744999999999720e+01)
(0.000000000000000000e+00 0.000000000000000000e+00 2.479755000000000109e+01)
(0.000000000000000000e+00 0.000000000000000000e+00 2.493629999999999924e+01)
(0.000000000000000000e+00 0.000000000000000000e+00 2.507339999999999947e+01)
(0.000000000000000000e+00 0.000000000000000000e+00 2.520900000000000318e+01)
(0.000000000000000000e+00 0.000000000000000000e+00 2.534309999999999974e+01)
(0.000000000000000000e+00 0.000000000000000000e+00 2.547569999999999979e+01)
(0.000000000000000000e+00 0.000000000000000000e+00 2.560664999999999836e+01)
(0.000000000000000000e+00 0.000000000000000000e+00 2.573594999999999899e+01)
(0.000000000000000000e+00 0.000000000000000000e+00 2.586374999999999957e+01)
(0.000000000000000000e+00 0.000000000000000000e+00 2.598975000000000080e+01)
(0.000000000000000000e+00 0.000000000000000000e+00 2.611424999999999841e+01)
(0.000000000000000000e+00 0.000000000000000000e+00 2.623709999999999809e+01)
(0.000000000000000000e+00 0.000000000000000000e+00 2.635814999999999841e+01)
(0.000000000000000000e+00 0.000000000000000000e+00 2.647754999999999725e+01)
(0.000000000000000000e+00 0.000000000000000000e+00 2.659515000000000029e+01)
(0.000000000000000000e+00 0.000000000000000000e+00 2.671109999999999829e+01)
(0.000000000000000000e+00 0.000000000000000000e+00 2.682525000000000048e+01)
(0.000000000000000000e+00 0.000000000000000000e+00 2.693760000000000332e+01)
(0.000000000000000000e+00 0.000000000000000000e+00 2.704814999999999969e+01)
(0.000000000000000000e+00 0.000000000000000000e+00 2.715690000000000026e+01)
(0.000000000000000000e+00 0.000000000000000000e+00 2.726370000000000005e+01)
(0.000000000000000000e+00 0.000000000000000000e+00 2.736884999999999835e+01)
(0.000000000000000000e+00 0.000000000000000000e+00 2.747204999999999941e+01)
(0.000000000000000000e+00 0.000000000000000000e+00 2.757329999999999970e+01)
(0.000000000000000000e+00 0.000000000000000000e+00 2.767275000000000063e+01)
(0.000000000000000000e+00 0.000000000000000000e+00 2.777039999999999864e+01)
(0.000000000000000000e+00 0.000000000000000000e+00 2.786595000000000155e+01)
(0.000000000000000000e+00 0.000000000000000000e+00 2.795955000000000013e+01)
(0.000000000000000000e+00 0.000000000000000000e+00 2.805134999999999934e+01)
(0.000000000000000000e+00 0.000000000000000000e+00 2.814104999999999990e+01)
(0.000000000000000000e+00 0.000000000000000000e+00 2.822879999999999967e+01)
(0.000000000000000000e+00 0.000000000000000000e+00 2.831459999999999866e+01)
(0.000000000000000000e+00 0.000000000000000000e+00 2.839829999999999899e+01)
(0.000000000000000000e+00 0.000000000000000000e+00 2.848005000000000209e+01)
(0.000000000000000000e+00 0.000000000000000000e+00 2.855985000000000085e+01)
(0.000000000000000000e+00 0.000000000000000000e+00 2.863755000000000095e+01)
(0.000000000000000000e+00 0.000000000000000000e+00 2.871314999999999884e+01)
(0.000000000000000000e+00 0.000000000000000000e+00 2.878665000000000163e+01)
(0.000000000000000000e+00 0.000000000000000000e+00 2.885820000000000007e+01)
(0.000000000000000000e+00 0.000000000000000000e+00 2.892764999999999986e+01)
(0.000000000000000000e+00 0.000000000000000000e+00 2.899484999999999957e+01)
(0.000000000000000000e+00 0.000000000000000000e+00 2.906010000000000204e+01)
(0.000000000000000000e+00 0.000000000000000000e+00 2.912310000000000088e+01)
(0.000000000000000000e+00 0.000000000000000000e+00 2.918415000000000248e+01)
(0.000000000000000000e+00 0.000000000000000000e+00 2.924295000000000044e+01)
(0.000000000000000000e+00 0.000000000000000000e+00 2.929964999999999975e+01)
(0.000000000000000000e+00 0.000000000000000000e+00 2.935409999999999897e+01)
(0.000000000000000000e+00 0.000000000000000000e+00 2.940644999999999953e+01)
(0.000000000000000000e+00 0.000000000000000000e+00 2.945670000000000144e+01)
(0.000000000000000000e+00 0.000000000000000000e+00 2.950469999999999970e+01)
(0.000000000000000000e+00 0.000000000000000000e+00 2.955044999999999789e+01)
(0.000000000000000000e+00 0.000000000000000000e+00 2.959409999999999741e+01)
(0.000000000000000000e+00 0.000000000000000000e+00 2.963550000000000040e+01)
(0.000000000000000000e+00 0.000000000000000000e+00 2.967480000000000118e+01)
(0.000000000000000000e+00 0.000000000000000000e+00 2.971185000000000187e+01)
(0.000000000000000000e+00 0.000000000000000000e+00 2.974650000000000105e+01)
(0.000000000000000000e+00 0.000000000000000000e+00 2.977919999999999945e+01)
(0.000000000000000000e+00 0.000000000000000000e+00 2.980949999999999989e+01)
(0.000000000000000000e+00 0.000000000000000000e+00 2.983769999999999811e+01)
(0.000000000000000000e+00 0.000000000000000000e+00 2.986349999999999838e+01)
(0.000000000000000000e+00 0.000000000000000000e+00 2.988719999999999999e+01)
(0.000000000000000000e+00 0.000000000000000000e+00 2.990865000000000151e+01)
(0.000000000000000000e+00 0.000000000000000000e+00 2.992769999999999797e+01)
(0.000000000000000000e+00 0.000000000000000000e+00 2.994464999999999932e+01)
(0.000000000000000000e+00 0.000000000000000000e+00 2.995935000000000059e+01)
(0.000000000000000000e+00 0.000000000000000000e+00 2.997179999999999822e+01)
(0.000000000000000000e+00 0.000000000000000000e+00 2.998199999999999932e+01)
(0.000000000000000000e+00 0.000000000000000000e+00 2.998979999999999890e+01)
(0.000000000000000000e+00 0.000000000000000000e+00 2.999549999999999983e+01)
(0.000000000000000000e+00 0.000000000000000000e+00 2.999879999999999924e+01)
(0.000000000000000000e+00 0.000000000000000000e+00 3.000000000000000000e+01)
)